6
test test 5
5 780 1 780 0 0
0
5 976 1 976 0 0
5 1124 0 1124 0 0
5 550 1 550 0 0
5 3000 0 3000 0 0
0
0
lrl lrl 5
5 838 1 838 0 0
0
5 978 1 978 0 0
5 1699 0 530 0 0
5 1161 2 1050 111 0
5 10 0 10 0 0
0
0
test1 test1 5
5 780 1 780 0 0
0
5 421 976 0 0
5 1124 0 1124 0 0
5 550 1 550 0 0
5 3000 0 3000 0 0
0
0
test2 test2 5
5 780 1 780 0 0
0
5 421 976 0 0
5 1124 0 1124 0 0
5 580 1 550 0 0
5 3060 0 3000 0 0
0
0
test3 test3 5
5 780 1 780 0 0
0
5 421 976 0 0
5 1324 0 1124 0 0
5 880 1 550 0 0
5 3060 0 3000 0 0
0
0
test4 test4 5
5 780 1 780 0 0
0
5 421 976 0 0
5 2654 0 1124 0 0
5 880 1 550 0 0
5 3060 0 3000 0 0
0
0